8.700703, 64 : 128
12.781551, 64 : 256
19.203773, 64 : 512
28.619448, 64 : 1024
41.273033, 64 : 2048
56.354515, 64 : 4096
71.506668, 64 : 8192
84.279999, 64 : 16384
7.418073, 128 : 128
10.438993, 128 : 256
14.893920, 128 : 512
20.890192, 128 : 1024
27.963150, 128 : 2048
34.953178, 128 : 4096
40.459999, 128 : 8192
44.400002, 128 : 16384
6.216690, 256 : 128
8.287211, 256 : 256
11.086373, 256 : 512
14.377200, 256 : 1024
17.529314, 256 : 2048
19.949833, 256 : 4096
21.506666, 256 : 8192
22.653334, 256 : 16384
5.057239, 512 : 128
6.294969, 512 : 256
7.767715, 512 : 512
9.176027, 512 : 1024
10.197655, 512 : 2048
10.769231, 512 : 4096
11.160000, 512 : 8192
11.613334, 512 : 16384
