3.010288, 64 : 128
3.412472, 64 : 256
4.135443, 64 : 512
5.489873, 64 : 1024
7.972152, 64 : 2048
12.484848, 64 : 4096
20.171717, 64 : 8192
32.779999, 64 : 16384
2.613802, 128 : 128
2.823995, 128 : 256
3.175949, 128 : 512
3.834177, 128 : 1024
5.058228, 128 : 2048
7.272727, 128 : 4096
11.151515, 128 : 8192
17.400000, 128 : 16384
2.386673, 256 : 128
2.493194, 256 : 256
2.669620, 256 : 512
2.992405, 256 : 1024
3.597468, 256 : 2048
4.671717, 256 : 4096
6.636364, 256 : 8192
9.800000, 256 : 16384
2.230453, 512 : 128
2.280152, 512 : 256
2.363291, 512 : 512
2.517721, 512 : 1024
2.800000, 512 : 2048
3.308081, 512 : 4096
4.232323, 512 : 8192
5.740000, 512 : 16384
